lat,long,elevation
-85,-180,2421.6
-85,-175,1581.2
-85,-170,1317.1
-85,-165,99.8
-85,-160,102
-85,-155,102
-85,-150,105.9
-85,-145,199.6
-85,-140,350.5
-85,-135,599.5
-85,-130,914.4
-85,-125,1191.7
-85,-120,1786
-85,-115,1992.1
-85,-110,2081.1
-85,-105,2193.2
-85,-100,2266.6
-85,-95,2259.7
-85,-90,2002.9
-85,-85,1586.4
-85,-80,1250
-85,-75,1196.5
-85,-70,1270.7
-85,-65,1575.8
-85,-60,1304.5
-85,-55,1464.6
-85,-50,1546.2
-85,-45,1641.6
-85,-40,1768.1
-85,-35,1928.1
-85,-30,2050
-85,-25,2142.2
-85,-20,2269.2
-85,-15,2371.3
-85,-10,2446.4
-85,-5,2521.7
-85,0,2565.8
-85,5,2604.2
-85,10,2632
-85,15,2655.1
-85,20,2682.3
-85,25,2736.8
-85,30,2855
-85,35,3002.1
-85,40,3163.3
-85,45,3293
-85,50,3347.2
-85,55,3371
-85,60,3402.5
-85,65,3427.4
-85,70,3441.5
-85,75,3436.7
-85,80,3396.5
-85,85,3358
-85,90,3322.4
-85,95,3279.1
-85,100,3231.3
-85,105,3176
-85,110,3114
-85,115,3056
-85,120,2992.5
-85,125,2940
-85,130,2870
-85,135,2809.5
-85,140,2777.8
-85,145,2717
-85,150,2690.5
-85,155,2608.9
-85,160,2419.5
-85,165,1766.8
-85,170,2033.7
-85,175,2973.3
-80,-180,49
-80,-175,54
-80,-170,58
-80,-165,66
-80,-160,73.1
-80,-155,75
-80,-150,97.5
-80,-145,198.3
-80,-140,393
-80,-135,633.9
-80,-130,1135.3
-80,-125,1362.9
-80,-120,1521.3
-80,-115,1701
-80,-110,1814.5
-80,-105,2016
-80,-100,2077
-80,-95,2121.4
-80,-90,2047.4
-80,-85,1382.1
-80,-80,243.2
-80,-75,125
-80,-70,120
-80,-65,82
-80,-60,87.2
-80,-55,90
-80,-50,419.4
-80,-45,624
-80,-40,101
-80,-35,111
-80,-30,157
-80,-25,499
-80,-20,985.5
-80,-15,1479
-80,-10,1846.1
-80,-5,2154.4
-80,0,2339.5
-80,5,2581.7
-80,10,2798.9
-80,15,2955.5
-80,20,3102.5
-80,25,3252
-80,30,3371.5
-80,35,3491
-80,40,3607.3
-80,45,3712.9
-80,50,3730.3
-80,55,3701.4
-80,60,3702.5
-80,65,3776.9
-80,70,3860.7
-80,75,3945.2
-80,80,4010
-80,85,3884.8
-80,90,3800
-80,95,3714.8
-80,100,3616
-80,105,3457.9
-80,110,3334.5
-80,115,3216.6
-80,120,3068
-80,125,2908
-80,130,2789.2
-80,135,2547.9
-80,140,2381
-80,145,2257.3
-80,150,1991.9
-80,155,1957.8
-80,160,660.4
-80,165,61
-80,170,52
-80,175,52
-75,-175,-1952
-75,-170,-2708.5
-75,-165,-3403.8
-75,-160,-3539.5
-75,-155,-3731
-75,-150,-3791.5
-75,-145,-813.9
-75,-140,-132
-75,-135,808.5
-75,-130,611.9
-75,-125,814.8
-75,-120,938.4
-75,-115,588.1
-75,-110,63.2
-75,-105,15.4
-75,-100,51.3
-75,-95,757.5
-75,-90,1009
-75,-85,1176
-75,-80,949.7
-75,-75,811.3
-75,-70,1454.1
-75,-65,1263.4
-75,-60,-639.3
-75,-55,-532.5
-75,-50,-460.3
-75,-45,-397
-75,-40,-404.3
-75,-35,-508.2
-75,-30,-591
-75,-25,-224.3
-75,-20,41.9
-75,-15,1042.8
-75,-10,2380.2
-75,-5,2739.6
-75,0,2880
-75,5,3077.7
-75,10,3317.9
-75,15,3451
-75,20,3514.5
-75,25,3540.5
-75,30,3432.2
-75,35,3392.2
-75,40,3513.1
-75,45,3491.7
-75,50,3345.8
-75,55,2889.1
-75,60,2313.5
-75,65,1845.4
-75,70,1886
-75,75,2412
-75,80,3025.1
-75,85,3358.1
-75,90,3544.4
-75,95,3659.2
-75,100,3512.5
-75,105,3344
-75,110,3201.5
-75,115,3159.9
-75,120,3204
-75,125,3247
-75,130,3072.8
-75,135,2894
-75,140,2717.9
-75,145,2537
-75,150,2398.5
-75,155,2055.2
-75,160,1217.7
-75,165,-893.1
-75,170,-332.5
-75,175,-294.8
-70,-175,-4066.5
-70,-170,-4237
-70,-165,-4229
-70,-160,-4388.5
-70,-155,-4256.2
-70,-150,-4349.5
-70,-145,-4347
-70,-140,-4344.5
-70,-135,-4419.7
-70,-130,-3686
-70,-125,-3501.5
-70,-120,-2928.7
-70,-115,-3465
-70,-110,-3540
-70,-105,-3611.3
-70,-100,-3999.5
-70,-95,-3437.8
-70,-90,-3291.7
-70,-85,-992.2
-70,-80,-611.5
-70,-75,317.2
-70,-70,281.6
-70,-65,2148.6
-70,-60,-398.8
-70,-55,-1655.2
-70,-50,-3247.8
-70,-45,-3803.8
-70,-40,-4098.8
-70,-35,-4284
-70,-30,-4487.5
-70,-25,-4498
-70,-20,-4592
-70,-15,-4719.5
-70,-10,-2084.1
-70,-5,-2197
-70,0,49.5
-70,5,-87.3
-70,10,15.9
-70,15,48
-70,20,37
-70,25,-768.2
-70,30,39
-70,35,915
-70,40,898.7
-70,45,2246.9
-70,50,2352.6
-70,55,2813
-70,60,2641.4
-70,65,1537.3
-70,70,72
-70,75,775.9
-70,80,1868.2
-70,85,2396.3
-70,90,2617.5
-70,95,2803.5
-70,100,2543.4
-70,105,2605.3
-70,110,2473.1
-70,115,2273
-70,120,2385.5
-70,125,2586.4
-70,130,2570.6
-70,135,2513.2
-70,140,2409.1
-70,145,1717.4
-70,150,1438.8
-70,155,1481.9
-70,160,421.6
-70,165,-479.7
-70,170,-2710.8
-70,175,-3086
-65,-175,-2713.3
-65,-170,-2864.7
-65,-165,-3076
-65,-160,-4006.5
-65,-155,-3715.3
-65,-150,-4126.5
-65,-145,-4426.5
-65,-140,-4156.3
-65,-135,-4632.2
-65,-130,-4739
-65,-125,-4916.5
-65,-120,-4959.7
-65,-115,-4953
-65,-110,-5010.5
-65,-105,-4922
-65,-100,-4884
-65,-95,-4763.5
-65,-90,-4460
-65,-85,-4556.5
-65,-80,-4232.5
-65,-75,-3894.7
-65,-70,-3198.3
-65,-65,-150.5
-65,-60,13.2
-65,-55,-318.8
-65,-50,-3533
-65,-45,-4482.5
-65,-40,-4742.8
-65,-35,-4766.5
-65,-30,-4906
-65,-25,-4966.2
-65,-20,-4979.5
-65,-15,-5051
-65,-10,-5033
-65,-5,-5078.7
-65,0,-3996
-65,5,-3770.2
-65,10,-4695.5
-65,15,-3938
-65,20,-4832.3
-65,25,-4942
-65,30,-4900.5
-65,35,-4785.7
-65,40,-4725.8
-65,45,-3856.8
-65,50,-2561.7
-65,55,-3657.5
-65,60,-4040.3
-65,65,-3084.5
-65,70,-2958.8
-65,75,-3269.5
-65,80,-3498
-65,85,-3052.8
-65,90,-2967.2
-65,95,-135.5
-65,100,-403.7
-65,105,-844.2
-65,110,-2554.5
-65,115,-1809
-65,120,-2739.5
-65,125,-2419
-65,130,-994.4
-65,135,-581.7
-65,140,-2601.3
-65,145,-3253.5
-65,150,-3302
-65,155,-3265.8
-65,160,-3040.2
-65,165,-3027.2
-65,170,-2452.9
-65,175,-2863.2
-60,-175,-4263.8
-60,-170,-3902.4
-60,-165,-4445.8
-60,-160,-3459.5
-60,-155,-3322.3
-60,-150,-2788.5
-60,-145,-3411
-60,-140,-3850.3
-60,-135,-3866.3
-60,-130,-4259.3
-60,-125,-4442.8
-60,-120,-4669.8
-60,-115,-4887.7
-60,-110,-5189.1
-60,-105,-4829.5
-60,-100,-4864.4
-60,-95,-4945.8
-60,-90,-5101.3
-60,-85,-4922.3
-60,-80,-5043
-60,-75,-4613.8
-60,-70,-4442
-60,-65,-2982.8
-60,-60,-4126.2
-60,-55,-3521.5
-60,-50,-3363.8
-60,-45,-5279.7
-60,-40,-1528.5
-60,-35,-1285.8
-60,-30,-2513.3
-60,-25,-4773.7
-60,-20,-3052.8
-60,-15,-4430.5
-60,-10,-4388.3
-60,-5,-5224.8
-60,0,-5320
-60,5,-5150.5
-60,10,-5111.5
-60,15,-5204.8
-60,20,-4995.5
-60,25,-5200
-60,30,-5190.5
-60,35,-5259.5
-60,40,-5306.3
-60,45,-5300.3
-60,50,-5276
-60,55,-5133.3
-60,60,-4840.3
-60,65,-4633.5
-60,70,-4386.7
-60,75,-2127.5
-60,80,-2133.5
-60,85,-2205.8
-60,90,-4456.8
-60,95,-4458.5
-60,100,-4469.2
-60,105,-4290.8
-60,110,-4361.2
-60,115,-4508.5
-60,120,-4444.3
-60,125,-4427
-60,130,-4535.3
-60,135,-4586
-60,140,-4445.8
-60,145,-3852
-60,150,-3219.2
-60,155,-2968
-60,160,-3714.8
-60,165,-3938
-60,170,-4997.5
-60,175,-4496
-55,-175,-5210.5
-55,-170,-4808.3
-55,-165,-4715.5
-55,-160,-4352.2
-55,-155,-3819
-55,-150,-3947.5
-55,-145,-3627.2
-55,-140,-2938.8
-55,-135,-2939.7
-55,-130,-3505.3
-55,-125,-3425.2
-55,-120,-2832.8
-55,-115,-3491.5
-55,-110,-3816.5
-55,-105,-4399.7
-55,-100,-3942.3
-55,-95,-5696.8
-55,-90,-4874.7
-55,-85,-4891
-55,-80,-4568.2
-55,-75,-4314.5
-55,-65,-354
-55,-60,-1290.5
-55,-55,-3919.7
-55,-50,-4040.5
-55,-45,-3619
-55,-40,-3008.8
-55,-35,-114.8
-55,-30,-6475.8
-55,-25,-4493
-55,-20,-4984.7
-55,-15,-4041.8
-55,-10,-3524.2
-55,-5,-2900.7
-55,0,-1672
-55,5,-3540.5
-55,10,-5030.5
-55,15,-4676
-55,20,-4894
-55,25,-4583.5
-55,30,-5490.5
-55,35,-5062.8
-55,40,-3498
-55,45,-4160.7
-55,50,-5269.3
-55,55,-4774.5
-55,60,-4793.7
-55,65,-3906.7
-55,70,-3939.5
-55,75,-2047.3
-55,80,-3598.5
-55,85,-4616.8
-55,90,-4311.7
-55,95,-4372.5
-55,100,-3856.5
-55,105,-4102.8
-55,110,-3853
-55,115,-4437.7
-55,120,-4542
-55,125,-4707.8
-55,130,-4312.3
-55,135,-3940.7
-55,140,-3372.7
-55,145,-2579.5
-55,150,-3685.5
-55,155,-4235.7
-55,160,-3998.2
-55,165,-3422.8
-55,170,-3968.2
-55,175,-5223.8
-50,-175,-5397.5
-50,-170,-5260.8
-50,-165,-5159.8
-50,-160,-5085.7
-50,-155,-5073.7
-50,-150,-4004.3
-50,-145,-4225.5
-50,-140,-3988.5
-50,-135,-4594.5
-50,-130,-4185.5
-50,-125,-3776.8
-50,-120,-3247.5
-50,-115,-2920.3
-50,-110,-3373.5
-50,-105,-4024.7
-50,-100,-4253.5
-50,-95,-4579.8
-50,-90,-4330
-50,-85,-4439
-50,-80,-3999.8
-50,-75,-436.5
-50,-70,444
-50,-65,-114
-50,-60,-198.8
-50,-55,-1016
-50,-50,-2715
-50,-45,-2796.5
-50,-40,-2936.5
-50,-35,-4991.2
-50,-30,-4759.8
-50,-25,-4546.3
-50,-20,-4296.3
-50,-15,-4048.8
-50,-10,-3135.5
-50,-5,-2746.3
-50,0,-3549.5
-50,5,-2359.5
-50,10,-3543.3
-50,15,-4360
-50,20,-4362.5
-50,25,-4528.8
-50,30,-3711.5
-50,35,-4819.3
-50,40,-4370.3
-50,45,-4337.5
-50,50,-4366
-50,55,-4267
-50,60,-4721.8
-50,65,-317
-50,70,-152.2
-50,75,-2800.8
-50,80,-3665
-50,85,-4161.3
-50,90,-4087.3
-50,95,-3585.5
-50,100,-3397
-50,105,-3177.5
-50,110,-3288.3
-50,115,-3538.3
-50,120,-3285
-50,125,-4512.3
-50,130,-3390.5
-50,135,-3165
-50,140,-3659.5
-50,145,-3912.5
-50,150,-4051.8
-50,155,-4375.5
-50,160,-4588.7
-50,165,-3610.5
-50,170,-614.8
-50,175,-854.5
-45,-175,-3420.5
-45,-170,-5187
-45,-165,-5559.5
-45,-160,-4935.7
-45,-155,-4519.3
-45,-150,-5143
-45,-145,-5181.5
-45,-140,-5222.5
-45,-135,-4929.5
-45,-130,-4835.3
-45,-125,-4448.5
-45,-120,-3707.3
-45,-115,-3271.5
-45,-110,-3172
-45,-105,-3467.8
-45,-100,-4182.2
-45,-95,-4327
-45,-90,-4180
-45,-85,-3769.5
-45,-80,-3592.2
-45,-75,-19.8
-45,-70,554.1
-45,-65,-89
-45,-60,-182.5
-45,-55,-5573.7
-45,-50,-5624
-45,-45,-5023.5
-45,-40,-4916.3
-45,-35,-5516.5
-45,-30,-4946
-45,-25,-4606.7
-45,-20,-4225.7
-45,-15,-2726.7
-45,-10,-4040.2
-45,-5,-3545
-45,0,-4460
-45,5,-4537.8
-45,10,-4654.2
-45,15,-4721
-45,20,-3995.8
-45,25,-5225.8
-45,30,-5373.3
-45,35,-3009.8
-45,40,-2126.3
-45,45,-1441.3
-45,50,-2504
-45,55,-4007.3
-45,60,-4706.3
-45,65,-4648.7
-45,70,-3790
-45,75,-3740.5
-45,80,-3542.7
-45,85,-3752
-45,90,-3193.3
-45,95,-2900.8
-45,100,-3595
-45,105,-3768
-45,110,-4026
-45,115,-4218.5
-45,120,-4140
-45,125,-4196.8
-45,130,-4654.5
-45,135,-4585
-45,140,-4640.5
-45,145,-3310.7
-45,150,-3843
-45,155,-4786.8
-45,160,-4903.3
-45,165,-4514.8
-45,170,638
-45,175,-1041.8
-40,-175,-4602.5
-40,-170,-4627
-40,-165,-5141.5
-40,-160,-5027
-40,-155,-4931.2
-40,-150,-5213.4
-40,-145,-5518.7
-40,-140,-5004
-40,-135,-5059.3
-40,-130,-4859.8
-40,-125,-4360.5
-40,-120,-4376
-40,-115,-3600.2
-40,-110,-3243.2
-40,-105,-4058
-40,-100,-4271.2
-40,-95,-3539.3
-40,-90,-3406.5
-40,-85,-4331.8
-40,-80,-4059.8
-40,-75,-4132
-40,-70,597.7
-40,-65,117.1
-40,-60,-51
-40,-55,-1683.5
-40,-50,-5437.3
-40,-45,-5131
-40,-40,-5218.1
-40,-35,-5089.5
-40,-30,-4335.8
-40,-25,-3948.3
-40,-20,-3633.5
-40,-15,-3166
-40,-10,-3364.2
-40,-5,-3872.5
-40,0,-4732.8
-40,5,-5325.3
-40,10,-4943.5
-40,15,-4750
-40,20,-5236.2
-40,25,-2897.7
-40,30,-4594.8
-40,35,-5004.3
-40,40,-3565.8
-40,45,-2508.8
-40,50,-3441.3
-40,55,-4530.2
-40,60,-5441.3
-40,65,-4849
-40,70,-4070.3
-40,75,-3722
-40,80,-3245.2
-40,85,-3478
-40,90,-3339.3
-40,95,-3643.5
-40,100,-4147.7
-40,105,-4493.3
-40,110,-4626.3
-40,115,-4662.5
-40,120,-4904
-40,125,-5077.3
-40,130,-5616.8
-40,135,-5495.8
-40,140,-5159
-40,145,-61.3
-40,150,-4275.8
-40,155,-4636.5
-40,160,-4957.3
-40,165,-2593.8
-40,170,-843
-40,175,-6.7
-35,-175,-5596.5
-35,-170,-5216.7
-35,-165,-5300
-35,-160,-5069.5
-35,-155,-5448.2
-35,-150,-5249.5
-35,-145,-5032
-35,-140,-4921
-35,-135,-4472.6
-35,-130,-3711.8
-35,-125,-4048.7
-35,-120,-4013.5
-35,-115,-3350
-35,-110,-3039.7
-35,-105,-3157.3
-35,-100,-3648.3
-35,-95,-3260.8
-35,-90,-3783.5
-35,-85,-4003.5
-35,-80,-3957.6
-35,-75,-4233
-35,-70,4407
-35,-65,265.3
-35,-60,45
-35,-55,-23.2
-35,-50,-3643
-35,-45,-4846.2
-35,-40,-4843
-35,-35,-4452.9
-35,-30,-3216
-35,-25,-4114.2
-35,-20,-4008.5
-35,-15,-2426.5
-35,-10,-4118.2
-35,-5,-3052.7
-35,0,-4501.5
-35,5,-5207.5
-35,10,-5038.4
-35,15,-4633.5
-35,20,-74.2
-35,25,-1759
-35,30,-4431.7
-35,35,-2886
-35,40,-5130.8
-35,45,-2322.8
-35,50,-3745
-35,55,-2187.2
-35,60,-5115
-35,65,-4527.5
-35,70,-4285.9
-35,75,-3489.5
-35,80,-3122
-35,85,-4168.5
-35,90,-4008.5
-35,95,-4477.2
-35,100,-4515.5
-35,105,-5544
-35,110,-4745.7
-35,115,-609.7
-35,120,-3078.5
-35,125,-4515.5
-35,130,-3652.5
-35,135,-108.8
-35,140,61
-35,145,90.2
-35,150,563.2
-35,155,-3969.4
-35,160,-2971
-35,165,-1042.8
-35,170,-1922.5
-35,175,-607.3
-30,-175,-5581
-30,-170,-5413.7
-30,-165,-4869.6
-30,-160,-5084
-30,-155,-5102
-30,-150,-4289.7
-30,-145,-4618.8
-30,-140,-4173.3
-30,-135,-4126.5
-30,-130,-4321.5
-30,-125,-3754.8
-30,-120,-3651.8
-30,-115,-3144.7
-30,-110,-3221.2
-30,-105,-3350.5
-30,-100,-3708
-30,-95,-3894
-30,-90,-3499.5
-30,-85,-3888.8
-30,-80,-4056.2
-30,-75,-4270
-30,-70,3857.8
-30,-65,180.6
-30,-60,34.3
-30,-55,130.6
-30,-50,-22.5
-30,-45,-3557.3
-30,-40,-3191.8
-30,-35,-2143.4
-30,-30,-3451.3
-30,-25,-5319.5
-30,-20,-4757.3
-30,-15,-3838.5
-30,-10,-3786.4
-30,-5,-4505.8
-30,0,-3962.8
-30,5,-4979.5
-30,10,-4873.7
-30,15,-440.5
-30,20,977.5
-30,25,1479.6
-30,30,1312.8
-30,35,-2468.8
-30,40,-4958.5
-30,45,-2470.3
-30,50,-4278
-30,55,-4281.2
-30,60,-4114.3
-30,65,-4678.5
-30,70,-4489.2
-30,75,-3435.3
-30,80,-3429.3
-30,85,-3906.3
-30,90,-2489
-30,95,-2190.5
-30,100,-3594.5
-30,105,-5326.8
-30,110,-5504.5
-30,115,4.3
-30,120,489.4
-30,125,204.1
-30,130,157
-30,135,161.7
-30,140,26.3
-30,145,108.1
-30,150,358.9
-30,155,-4638.3
-30,160,-1679.5
-30,165,-3370.3
-30,170,-3027.7
-30,175,-4029.5
-25,-175,-6663.7
-25,-170,-5548.5
-25,-165,-5632.7
-25,-160,-5284.7
-25,-155,-5004.6
-25,-150,-4590.2
-25,-145,-2855.9
-25,-140,-4334.2
-25,-135,-4131
-25,-130,-3191.5
-25,-125,-2922.2
-25,-120,-2319
-25,-115,-3362
-25,-110,-3630.5
-25,-105,-3315.3
-25,-100,-2709.1
-25,-95,-3127
-25,-90,-2915.9
-25,-85,-4095
-25,-80,-4289.5
-25,-75,-3105
-25,-70,2015
-25,-65,965.2
-25,-60,115.3
-25,-55,256.6
-25,-50,936.4
-25,-45,-136.7
-25,-40,-3137
-25,-35,-4281.8
-25,-30,-4942.2
-25,-25,-5442.7
-25,-20,-4014
-25,-15,-3395.8
-25,-10,-3969
-25,-5,-4828.7
-25,0,-4950.2
-25,5,-3938.6
-25,10,-4384.8
-25,15,380.3
-25,20,1050.6
-25,25,1232.2
-25,30,1116.7
-25,35,-60.2
-25,40,-3824
-25,45,223
-25,50,-4912.3
-25,55,-4978.7
-25,60,-5084.5
-25,65,-3982.3
-25,70,-4025.8
-25,75,-3943.5
-25,80,-3601.2
-25,85,-4547.8
-25,90,-4783.5
-25,95,-5207
-25,100,-5087.5
-25,105,-5044.2
-25,110,-4045.7
-25,115,130.9
-25,120,628.7
-25,125,489.5
-25,130,574.7
-25,135,269
latitude,longitude,elevation
-25,140,63.9
-25,145,375.6
-25,150,175.3
-25,155,-2384
-25,160,-1106.5
-25,165,-3199.3
-25,170,-2196.7
-25,175,-4597.3
-20,-175,-1742.2
-20,-170,-5337.7
-20,-165,-4726
-20,-160,-4739
-20,-155,-4705.7
-20,-150,-4629.9
-20,-145,-2038.5
-20,-140,-1834
-20,-135,-3730.5
-20,-130,-4189.3
-20,-125,-3816.8
-20,-120,-3548.3
-20,-115,-3238
-20,-110,-3602.2
-20,-105,-3974
-20,-100,-4288.5
-20,-95,-4258.5
-20,-90,-4163.5
-20,-85,-4403.7
-20,-80,-3788.3
-20,-75,-5100.7
-20,-70,979.2
-20,-65,3179.1
-20,-60,154.6
-20,-55,309.1
-20,-50,379.2
-20,-45,774.2
-20,-40,-39.7
-20,-35,-4167.3
-20,-30,-4992.2
-20,-25,-6280.7
-20,-20,-4931.5
-20,-15,-3618.3
-20,-10,-3818.5
-20,-5,-4972.7
-20,0,-4988.5
-20,5,-5272.5
-20,10,-2203
-20,15,1161.5
-20,20,1189
-20,25,942
-20,30,992.1
-20,35,-11
-20,40,-2712.3
-20,45,254.3
-20,50,-4313.2
-20,55,-4414.7
-20,60,-3900.3
-20,65,-2872.8
-20,70,-3506.9
-20,75,-4652.2
-20,80,-4859
-20,85,-5022.7
-20,90,-4634.5
-20,95,-5234.2
-20,100,-5814.8
-20,105,-5656.2
-20,110,-4185.3
-20,115,-724.2
-20,120,36.1
-20,125,177.9
-20,130,366.7
-20,135,285
-20,140,161
-20,145,742.2
-20,150,-74.5
-20,155,-3165
-20,160,-1458.2
-20,165,-3079
-20,170,-1696.2
-20,175,-2908.3
-15,-175,-2124.4
-15,-170,-4824
-15,-165,-5735
-15,-160,-5141
-15,-155,-4518.7
-15,-150,-4351.8
-15,-145,-2499.7
-15,-140,-2688.5
-15,-135,-4123.1
-15,-130,-4079.8
-15,-125,-3806.7
-15,-120,-3626.8
-15,-115,-3162.5
-15,-110,-3378.5
-15,-105,-3753
-15,-100,-3730.2
-15,-95,-3900.8
-15,-90,-4025
-15,-85,-4826.3
-15,-80,-4603
-15,-75,525.9
-15,-70,4099.9
-15,-65,159.3
-15,-60,222
-15,-55,686.2
-15,-50,554.3
-15,-45,731.7
-15,-40,365.9
-15,-35,-4550
-15,-30,-5123.7
-15,-25,-5274.3
-15,-20,-4514
-15,-15,-3350.8
-15,-10,-3489.2
-15,-5,-4302
-15,0,-5520.3
-15,5,-5486.8
-15,10,-3794.3
-15,15,1345.7
-15,20,1245.9
-15,25,1180.4
-15,30,758.6
-15,35,588.1
-15,40,154
-15,45,-3321.5
-15,50,635.1
-15,55,-4216.3
-15,60,-137.3
-15,65,-3427
-15,70,-3885.2
-15,75,-5100.5
-15,80,-5103.5
-15,85,-4653.8
-15,90,-4006
-15,95,-4934
-15,100,-5245.7
-15,105,-5799.8
-15,110,-5671
-15,115,-5766.2
-15,120,-1750.8
-15,125,-2.6
-15,130,80.4
-15,135,48.3
-15,140,-55.3
-15,145,315.6
-15,150,-1724.5
-15,155,-4501.5
-15,160,-5340
-15,165,-3941
-15,170,-3390.2
-15,175,-2750.3
-10,-175,-4157.7
-10,-170,-4990.8
-10,-165,-4533.7
-10,-160,-5396.8
-10,-155,-5110.2
-10,-150,-4080.4
-10,-145,-4963
-10,-140,-4073.5
-10,-135,-4418.5
-10,-130,-4297.5
-10,-125,-3740.5
-10,-120,-4072.7
-10,-115,-3914.9
-10,-110,-3032.3
-10,-105,-3814.5
-10,-100,-4350.5
-10,-95,-3716.5
-10,-90,-4142.7
-10,-85,-4480.8
-10,-80,-4631
-10,-75,269.6
-10,-70,282.9
-10,-65,159.3
-10,-60,202.2
-10,-55,257.6
-10,-50,172.9
-10,-45,441.6
-10,-40,466
-10,-35,-3476.3
-10,-30,-5353.5
-10,-25,-5425.5
-10,-20,-4360.2
-10,-15,-3352
-10,-10,-3477.8
-10,-5,-4523.2
-10,0,-5616
-10,5,-5411
-10,10,-4309.5
-10,15,1071.8
-10,20,1186.6
-10,25,1038.5
-10,30,1468
-10,35,1140.5
-10,40,-316.5
-10,45,-3759.3
-10,50,-2877.2
-10,55,-4093
-10,60,-49.8
-10,65,-3315.8
-10,70,-3919.5
-10,75,-5217.5
-10,80,-5377.2
-10,85,-5015.7
-10,90,-5325.2
-10,95,-4924.7
-10,100,-5271
-10,105,-4939.9
-10,110,-2279.3
-10,115,-4451.5
-10,120,18.1
-10,125,-1914.2
-10,130,-180.2
-10,135,-69.3
-10,140,-45.3
-10,145,-1769
-10,150,-428.5
-10,155,-3313.3
-10,160,-3317.7
-10,165,-3540.4
-10,170,-4191.5
-10,175,-5017.2
-5,-175,-5746
-5,-170,-5396
-5,-165,-2015.8
-5,-160,-5086.5
-5,-155,-4925.4
-5,-150,-4880.3
-5,-145,-3684.5
-5,-140,-4357.8
-5,-135,-4596.8
-5,-130,-4584
-5,-125,-4314.1
-5,-120,-4259.4
-5,-115,-4272
-5,-110,-3597.9
-5,-105,-3316.8
-5,-100,-3780.5
-5,-95,-3928.3
-5,-90,-3806.5
-5,-85,-4027.6
-5,-80,1607.2
-5,-75,120.8
-5,-70,146.3
-5,-65,88.9
-5,-60,50.2
-5,-55,213.9
-5,-50,182.4
-5,-45,131.7
-5,-40,432.4
-5,-35,-573.2
-5,-30,-4984.8
-5,-25,-5637
-5,-20,-5159.2
-5,-15,-3603.8
-5,-10,-3251.5
-5,-5,-4460.5
-5,0,-3980
-5,5,-4945.3
-5,10,-2940.3
-5,15,605.9
-5,20,535.7
-5,25,664
-5,30,1094.9
-5,35,1281.1
-5,40,-818.3
-5,45,-4541.8
-5,50,-5066.5
-5,55,-10
-5,60,-3965.5
-5,65,-4064.8
-5,70,-3516
-5,75,-5238.3
-5,80,-5145.8
-5,85,-5021.3
-5,90,-5001.8
-5,95,-5004.8
-5,100,-5533.5
-5,105,58.3
-5,110,-54.3
-5,115,-27.3
-5,120,410.6
-5,125,-4393
-5,130,-4453.8
-5,135,-60.5
-5,140,163.6
-5,145,81.7
-5,150,-300.3
-5,155,-3187.7
-5,160,-1578.8
-5,165,-2354.5
-5,170,-3234
-5,175,-5457
0,-175,-5405
0,-170,-5488.6
0,-165,-5797.8
0,-160,-5168
0,-155,-4677.7
0,-150,-4447.2
0,-145,-4225.5
0,-140,-4317.5
0,-135,-4368.8
0,-130,-4332.3
0,-125,-4718.9
0,-120,-4191.3
0,-115,-4020.7
0,-110,-3841.7
0,-105,-3552.8
0,-100,-3230.9
0,-95,-3321.3
0,-90,-911.3
0,-85,-3362.5
0,-80,501.8
0,-75,195.7
0,-70,160.4
0,-65,82
0,-60,132.3
0,-55,518.8
0,-50,4.2
0,-45,-96.5
0,-40,-3543.8
0,-35,-4544
0,-30,-3897.3
0,-25,-2999.5
0,-20,-2572
0,-15,-3763.8
0,-10,-4521.1
0,-5,-5149.5
0,0,-4941.8
0,5,-3781.8
0,10,33.8
0,15,392.7
0,20,344.9
0,25,468.9
0,30,944
0,35,1694.4
0,40,169.2
0,45,-3552
0,50,-5054
0,55,-4275.2
0,60,-4555.5
0,65,-3667
0,70,-3958
0,75,-4375.8
0,80,-4667.5
0,85,-4565.5
0,90,-4144.5
0,95,-4537
0,100,361.6
0,105,-25.8
0,110,28.4
0,115,218
0,120,515.3
0,125,-2860.5
0,130,-109.8
0,135,-1636
0,140,-3094.5
0,145,-3680.1
0,150,-5277.5
0,155,-2515
0,160,-2827.8
0,165,-4408.3
0,170,-4444.2
0,175,-4832.5
5,-175,-5398.5
5,-170,-5732.6
5,-165,-4853.3
5,-160,-3028
5,-155,-4561.7
5,-150,-5113.8
5,-145,-5133
5,-140,-4372.8
5,-135,-4543.8
5,-130,-4286.3
5,-125,-4393.3
5,-120,-4161.5
5,-115,-4201.7
5,-110,-3916.3
5,-105,-3550.3
5,-100,-3572.1
5,-95,-3576.6
5,-90,-3179.4
5,-85,-1779.6
5,-80,-3141.5
5,-75,1353.4
5,-70,115.4
5,-65,593.1
5,-60,904.7
5,-55,48.6
5,-50,-2495.5
5,-45,-4034.8
5,-40,-4569.8
5,-35,-3740
5,-30,-3735
5,-25,-4168.8
5,-20,-4303.2
5,-15,-4892.5
5,-10,-1549.7
5,-5,-107.3
5,0,-3267.8
5,5,-117
5,10,704.7
5,15,703.3
5,20,383
5,25,598.2
5,30,756.7
5,35,453.8
5,40,1138.5
5,45,198
5,50,-3785.3
5,55,-5070.5
5,60,-4218.8
5,65,-3902.8
5,70,-4208.2
5,75,-2584.5
5,80,-4211.5
5,85,-4051.3
5,90,-3419.8
5,95,-623
5,100,-53.5
5,105,-73.5
5,110,-133.8
5,115,12.8
5,120,1
5,125,-5177.3
5,130,-5048
5,135,-4678.3
5,140,-4252.8
5,145,-4086.5
5,150,-5330.8
5,155,-3421.7
5,160,-3996.5
5,165,-4762.8
5,170,-4314.5
5,175,-5137
10,-175,-5797.5
10,-170,-4978.6
10,-165,-3297.1
10,-160,-5258.5
10,-155,-5390.3
10,-150,-5065.7
10,-145,-5165.1
10,-140,-4926.5
10,-135,-4868.7
10,-130,-4776.5
10,-125,-4649.8
10,-120,-4364.2
10,-115,-4236.7
10,-110,-3339.5
10,-105,-2904.6
10,-100,-3743.1
10,-95,-3857.5
10,-90,-3714.3
10,-80,-2259.4
10,-75,163.5
10,-70,829.5
10,-65,283.3
10,-60,-205.3
10,-55,-3991.2
10,-50,-4892
10,-45,-4743.3
10,-40,-4154.8
10,-35,-4968.7
10,-30,-5357.3
10,-25,-5384.5
10,-20,-4434.6
10,-15,-35.2
10,-10,441
10,-5,275.6
10,0,180.9
10,5,289.7
10,10,514.6
10,15,348.2
10,20,403
10,25,495.2
10,30,413.3
10,35,1673.1
10,40,1149.3
10,45,1660.4
10,50,573.2
10,55,-4595.5
10,60,-4347.5
10,65,-4433
10,70,-4584
10,75,-2192
10,80,-4.7
10,85,-3541.5
10,90,-3311.2
10,95,-2172
10,100,-40.5
10,105,-5.8
10,110,-1446.3
10,115,-1981.5
10,120,-1512.8
10,125,-69.9
10,130,-5962
10,135,-3896.2
10,140,-2264.6
10,145,-2018.5
10,150,-5717
10,155,-5524.5
10,160,-4354.8
10,165,-5165
10,170,-4757.5
10,175,-5585.5
15,-175,-5697
15,-170,-5678
15,-165,-5461
15,-160,-5666
15,-155,-5486.5
15,-150,-5425.3
15,-145,-5435.5
15,-140,-4733.5
15,-135,-4703
15,-130,-4851
15,-125,-4500.3
15,-120,-4128
15,-115,-3946.3
15,-110,-3584
15,-105,-2622
15,-100,-3495.3
15,-95,-4382.7
15,-90,1268.3
15,-85,137.4
15,-80,-1793.4
15,-75,-4147.5
15,-70,-4021.5
15,-65,-4110.5
15,-60,-4227
15,-55,-5481.2
15,-50,-2629.5
15,-45,-3578.3
15,-40,-5276.8
15,-35,-5963
15,-30,-5481.5
15,-25,-4099.2
15,-20,-3896.5
15,-15,51.3
15,-10,262
15,-5,270.1
15,0,303.7
15,5,350.2
15,10,466.3
15,15,357.6
15,20,397.7
15,25,942.9
15,30,504.3
15,35,551.9
15,40,214.9
15,45,1428.3
15,50,324.9
15,55,-2400
15,60,-4127.8
15,65,-3865.5
15,70,-3454.5
15,75,530
15,80,23.1
15,85,-3062.5
15,90,-2691
15,95,-48.5
15,100,12.9
15,105,137.6
15,110,-497.7
15,115,-3900
15,120,-85.5
15,125,-6005.7
15,130,-5649.3
15,135,-4507.7
15,140,-4953
15,145,-2790
15,150,-5832.3
15,155,-5629
15,160,-5357
15,165,-5227
15,170,-5771.2
15,175,-5213.5
20,-175,-5323
20,-170,-2646.2
20,-165,-4988.5
20,-160,-4558.2
20,-155,-1992.9
20,-150,-5299.5
20,-145,-5535.9
20,-140,-5310.3
20,-135,-5219.7
20,-130,-4885.5
20,-125,-4453.3
20,-120,-3941
20,-115,-3693.2
20,-110,-2758
20,-105,728.9
20,-100,2911.7
20,-95,-2739
20,-90,92.1
20,-85,-4565
20,-80,-2796.7
20,-75,18
20,-70,-3527.1
20,-65,-7275.8
20,-60,-4920.3
20,-55,-4790
20,-50,-4315.5
20,-45,-2979.5
20,-40,-4869.7
20,-35,-5698
20,-30,-4585.5
20,-25,-4493.5
20,-20,-3489.5
20,-15,110.4
20,-10,402.3
20,-5,297.3
20,0,398.3
20,5,531.8
20,10,538.5
20,15,494.2
20,20,540.9
20,25,647.9
20,30,294.9
20,35,483.9
20,40,-116
20,45,725.1
20,50,268.6
20,55,89.6
20,60,-3459.2
20,65,-3166.5
20,70,-72.2
20,75,522.1
20,80,203.5
20,85,161
20,90,-1145.8
20,95,31
20,100,381
20,105,811.7
20,110,-8.3
20,115,-753.2
20,120,-3621.3
20,125,-5925
20,130,-5743.5
20,135,-5704
20,140,-4778
20,145,-2960.1
20,150,-2892.8
20,155,-5716.8
20,160,-4457.5
20,165,-5337.8
20,170,-5543.5
20,175,-4059.3
25,-175,-5015
25,-170,-4435.7
25,-165,-4907
25,-160,-4781.7
25,-155,-4766.4
25,-150,-5385.7
25,-145,-5021.7
25,-140,-4851.5
25,-135,-4632.4
25,-130,-4840.2
25,-125,-4544.7
25,-120,-4146
25,-115,-3785.3
25,-110,-1553.1
25,-105,1970.3
25,-100,1519.1
25,-95,-3577.4
25,-90,-3533.3
25,-85,-3346.9
25,-80,-609.7
25,-75,-4657.7
25,-70,-5560.8
25,-65,-5720.7
25,-60,-5946.5
25,-55,-6069.7
25,-50,-4944.8
25,-45,-3384.2
25,-40,-4586.8
25,-35,-5604
25,-30,-5469
25,-25,-5253.2
25,-20,-3961.8
25,-15,-35
25,-10,303.3
25,-5,241.5
25,0,299.9
25,5,918.1
25,10,845
25,15,547.2
25,20,386
25,25,473.4
25,30,239.9
25,35,-187.2
25,40,1037.3
25,45,790.1
25,50,161
25,55,-1.3
25,60,-923.5
25,65,-901.3
25,70,78.6
25,75,417.4
25,80,183.5
25,85,85.8
25,90,18.1
25,95,123.3
25,100,1720.7
25,105,1121.9
25,110,147
25,115,452.7
25,120,-54.5
25,125,-1331.5
25,130,-4702.1
25,135,-5357.3
25,140,-2257.8
25,145,-5049.5
25,150,-5753.8
25,155,-5669
25,160,-5794.5
25,165,-5909.8
25,170,-6093.2
25,175,-5829.2
30,-175,-5341.3
30,-170,-5465
30,-165,-5433.3
30,-160,-5816.4
30,-155,-5611
30,-150,-6319.9
30,-145,-5200.2
30,-140,-4651.9
30,-135,-4542.2
30,-130,-4641
30,-125,-3953.7
30,-120,-4041.3
30,-115,577.8
30,-110,1093.9
30,-105,1181.1
30,-100,713.4
30,-95,18.8
30,-90,1
30,-85,7.6
30,-80,-505.1
30,-75,-4496
30,-70,-5430.8
30,-65,-4832.5
30,-60,-5409
30,-55,-5071.9
30,-50,-5284.1
30,-45,-3694.3
30,-40,-3379.8
30,-35,-4768.8
30,-30,-4449
30,-25,-5431.3
30,-20,-4758.7
30,-15,-3430.5
30,-10,-137.8
30,-5,684.9
30,0,460
30,5,254.4
30,10,320.9
30,15,354
30,20,8.5
30,25,131.9
30,30,135.1
30,35,461.1
30,40,648.6
30,45,292
30,50,-10
30,55,1726.3
30,60,1494.8
30,65,965.2
30,70,1700.9
30,75,206.7
30,80,2052.6
30,85,5691.4
30,90,5596.3
30,95,3090
30,100,4838.7
30,105,387.6
30,110,860.4
30,115,108.6
30,120,37.6
30,125,-62.5
30,130,-629.3
30,135,-4671.3
30,140,-2945
30,145,-5962.8
30,150,-5932.5
30,155,-5674.5
30,160,-5730.7
30,165,-5879
30,170,-5565.5
30,175,-5426.3
35,-175,-5570.8
35,-170,-5996.9
35,-165,-5757.3
35,-160,-5802.6
35,-155,-5783
35,-150,-5721.7
35,-145,-5268
35,-140,-5229.4
35,-135,-5199.8
35,-130,-4760
35,-125,-4482
35,-120,1334.3
35,-115,860.6
35,-110,1644.9
35,-105,1630.1
35,-100,562.3
35,-95,170.1
35,-90,100.3
35,-85,291.6
35,-80,94
35,-75,-2434.1
35,-70,-5099.7
35,-65,-4912.8
35,-60,-4664.5
35,-55,-5200.9
35,-50,-5119.6
35,-45,-4589
35,-40,-3887
35,-35,-3497.1
35,-30,-3265.1
35,-25,-4527.5
35,-20,-5225
35,-15,-3711.2
35,-10,-4269
35,-5,1095.1
35,0,684.7
35,5,505.7
35,10,143.2
35,15,-494
35,20,-2992.3
35,25,238.1
35,30,-2447.6
35,35,-1440.2
35,40,258.5
35,45,474
35,50,1517.8
35,55,722.4
35,60,2360.2
35,65,3027.5
35,70,2060
35,75,4609.9
35,80,4950.4
35,85,5004.6
35,90,4924.6
35,95,4677.6
35,100,3855.5
35,105,1983.9
35,110,519
35,115,65.3
35,120,-25.3
35,125,-87.5
35,130,-128.5
35,135,109.9
35,140,-5.8
35,145,-5799.3
35,150,-6112.5
35,155,-5669.7
35,160,-4543.3
35,165,-5896.5
35,170,-5473.8
35,175,-3918.5
40,-175,-6024
40,-170,-5556.8
40,-165,-5522.8
40,-160,-5363
40,-155,-5017.8
40,-150,-5409.5
40,-145,-5647.2
40,-140,-4326
40,-135,-4142.3
40,-130,-4608
40,-125,-1427.9
40,-120,1899.8
40,-115,1917.9
40,-110,1629.4
40,-105,1589.9
40,-100,689.2
40,-95,259.9
40,-90,182.6
40,-85,362
40,-80,277.1
40,-75,13
40,-70,-162.7
40,-65,-4484.5
40,-60,-5049.5
40,-55,-5205.8
40,-50,-5442.6
40,-45,-4629.8
40,-40,-4692.3
40,-35,-4293.3
40,-30,-1702
40,-25,-3509.2
40,-20,-4675.8
40,-15,-5343
40,-10,-2110
40,-5,404.4
40,5,-2712.3
40,10,-1608.5
40,15,-374.5
40,20,189.8
40,25,-131.5
40,30,726.1
40,35,1063.4
40,40,1987.6
40,45,1887
40,50,-27.9
40,55,180
40,60,164.3
40,65,371.3
40,70,1426.4
40,75,3169.6
40,80,1060.1
40,85,985.2
40,90,795
40,95,1644
40,100,1495
40,105,1552.2
40,110,1388.1
40,115,1109.6
40,120,-11
40,125,182.5
40,130,-2193.8
40,135,-1541.8
40,140,-6
40,145,-5627.8
40,150,-4545
40,155,-5564.3
40,160,-5529.5
40,165,-5479
40,170,-4812.8
40,175,-4880.5
45,-175,-5663.8
45,-170,-6072
45,-165,-5412.3
45,-160,-5325.5
45,-155,-5333.2
45,-150,-5153.5
45,-145,-4598.7
45,-140,-4360.3
45,-135,-4003.8
45,-130,-2561.4
45,-125,-947.4
45,-120,1354.2
45,-115,1988.5
45,-110,2260.1
45,-105,1214.6
45,-100,629.2
45,-95,340.2
45,-90,409.6
45,-85,285.5
45,-80,176
45,-75,74.3
45,-70,387.1
45,-65,65
45,-60,-153.3
45,-55,-809.8
45,-50,-61
45,-45,-4392.5
45,-40,-3498.5
45,-35,-4236
45,-30,-2985.8
45,-25,-2685.5
45,-20,-4313
45,-15,-4073.5
45,-10,-4925
45,-5,-4809.3
45,0,35
45,5,177.6
45,10,36.6
45,15,860.7
45,20,98.9
45,25,419.8
45,30,-32.5
45,35,386.1
45,40,80
45,45,45
45,50,-26.7
45,55,52
45,60,29
45,65,119
45,70,210
45,75,359
45,80,3127.9
45,85,295
45,90,1008
45,95,2473.8
45,100,2011.6
45,105,1361
45,110,944
45,115,1361.9
45,120,1029
45,125,166
45,130,428.2
45,135,492
45,140,-278
45,145,-1826
45,150,-1861.5
45,155,-4898.2
45,160,-5466.8
45,165,-5972.5
45,170,-2335
45,175,-5663
50,-175,-5055.5
50,-170,-5381.7
50,-165,-5031.3
50,-160,-4960.5
50,-155,-4810.3
50,-150,-4846
50,-145,-4260.5
50,-140,-3940.5
50,-135,-3475
50,-130,-2223.1
50,-125,-38.7
50,-120,1385.3
50,-115,1661.5
50,-110,730.1
50,-105,585.7
50,-100,466.1
50,-95,339.7
50,-90,461.9
50,-85,169.9
50,-80,301.9
50,-75,356
50,-70,472.2
50,-65,-197.7
50,-60,-127.5
50,-55,-190.5
50,-50,-735.8
50,-45,-3937.5
50,-40,-4357.5
50,-35,-3846
50,-30,-2865.8
50,-25,-3476
50,-20,-4387.7
50,-15,-4351.5
50,-10,-47.8
50,-5,-72
50,0,-34
50,5,434.6
50,10,288.7
50,15,257.5
50,20,234.8
50,25,241.5
50,30,202.1
50,35,139
50,40,192.6
50,45,108.4
50,50,2
50,55,163.2
50,60,275.3
50,65,124.8
50,70,367.1
50,75,668
50,80,328.2
50,85,1714
50,90,1890.4
50,95,1172
50,100,1738.7
50,105,1099.3
50,110,1351.3
50,115,686.9
50,120,759.4
50,125,276
50,130,129.2
50,135,909.6
50,140,204.9
50,145,-241.8
50,150,-1255.5
50,155,-317
50,160,-5717
50,165,-5519.8
50,170,-4373.5
50,175,-4727.9
55,-175,-3672.8
55,-170,-2850
55,-165,-104.5
55,-160,-38.8
55,-155,-3156.3
55,-150,-4113
55,-145,-4042.8
55,-140,-3283.6
55,-135,-1915.5
55,-125,870.3
55,-120,877
55,-115,1042.8
55,-110,669.3
55,-105,357
55,-100,302.2
55,-95,216
55,-90,116
55,-85,46
55,-80,-119.8
55,-75,300.9
55,-70,492.8
55,-65,520.8
55,-60,107
55,-55,-227
55,-50,-3494.5
55,-45,-3394.1
55,-40,-3106.5
55,-35,-1920.8
55,-30,-3005.7
55,-25,-3076.7
55,-20,-1624
55,-15,-2337.5
55,-10,-115.7
55,-5,213.8
55,0,-68.5
55,5,-40
55,10,-1.7
55,15,8
55,20,-21.6
55,25,130.4
55,30,160.6
55,35,177.2
55,40,126.4
55,45,193
55,50,134.3
55,55,98.2
55,60,404.9
55,65,70
55,70,136
55,75,108
55,80,146
55,85,173.4
55,90,706.1
55,95,508.9
55,100,594.8
55,105,507.6
55,110,916.5
55,115,789.8
55,120,684.7
55,125,583.1
55,130,1179.3
55,135,721.2
55,140,-107
55,145,-911.3
55,150,-372.5
55,155,-167.5
55,160,786.2
55,165,-5790.3
55,170,-3044.8
55,175,-3873.7
60,-175,-114.5
60,-170,-46.5
60,-165,-14.5
60,-160,899.1
60,-155,410
60,-150,1336.1
60,-145,-172.9
60,-140,790.1
60,-135,669.7
60,-130,998.2
60,-125,1269.6
60,-120,466.3
60,-115,308.4
60,-110,358.4
60,-105,476.7
60,-100,277
60,-95,37.1
60,-90,-147.8
60,-85,-151.8
60,-80,-115.8
60,-75,178
60,-70,-8.2
60,-65,81
60,-60,-1797.5
60,-55,-3173.8
60,-50,-3119.1
60,-45,-45.9
60,-40,-2497.2
60,-35,-2997.9
60,-30,-1308.5
60,-25,-2280.7
60,-20,-2725.3
60,-15,-1817.3
60,-10,-1068.8
60,-5,-400.8
60,0,-130.8
60,5,-1.3
60,10,148.6
60,15,281.6
60,25,-31.8
60,30,1.3
60,35,231.1
60,40,149.7
60,45,176
60,50,199.4
60,55,142.7
60,60,244.3
60,65,66.4
60,70,63.9
60,75,86.3
60,80,56.4
60,85,146.3
60,90,126
60,95,503.8
60,100,306.7
60,105,357.7
60,110,415.6
60,115,670.8
60,120,268.7
60,125,558.6
60,130,364.6
60,135,331.3
60,140,691.8
60,145,328.1
60,150,693.3
60,155,-56
60,160,-117
60,165,39.4
60,170,-66.7
60,175,-3482.3
65,-175,497.6
65,-170,-47
65,-165,356.4
65,-160,442.1
65,-155,492.3
65,-150,263
65,-145,1203.2
65,-140,980.1
65,-135,1095
65,-130,1354.2
65,-125,106.8
65,-120,495.4
65,-115,444.2
65,-110,472.3
65,-105,261.3
65,-100,273
65,-95,193
65,-90,338.1
65,-85,61.7
65,-80,-178.7
65,-75,29.3
65,-70,213
65,-65,-825.3
65,-60,-358.6
65,-55,-604.7
65,-50,695
65,-45,2597
65,-35,-319.8
65,-30,-2066.6
65,-25,-137
65,-20,799.9
65,-15,205.7
65,-10,-722.2
65,-5,-2834.9
65,0,-2781.9
65,5,-761.1
65,10,-276.2
65,15,943.9
65,20,246.3
65,25,-5.5
65,30,227.8
65,35,-2.5
65,40,-23.3
65,45,84.1
65,50,233.9
65,55,138.1
65,60,835.8
65,65,4.6
65,70,71.8
65,75,77
65,80,28.9
65,85,77.5
65,90,437.1
65,95,352
65,100,393
65,105,531.4
65,110,406
65,115,322.2
65,120,142.5
65,125,41.3
65,130,1299.7
65,135,763.6
65,140,1179.8
65,145,1497.7
65,150,238.2
65,155,245
65,160,459.7
65,165,670.8
65,170,76
65,175,61.2
70,-175,-53.9
70,-170,-34.2
70,-165,-39.8
70,-160,36.4
70,-155,46
70,-150,114.1
70,-145,-1.4
70,-140,-56.2
70,-135,-25.1
70,-130,1.7
70,-120,-464.5
70,-115,255.2
70,-110,113.6
70,-105,134
70,-100,-106.8
70,-95,160.1
70,-90,-134.6
70,-85,-95.1
70,-80,1.7
70,-75,360.9
70,-70,189
70,-65,-1114.9
70,-60,-477.7
70,-55,-137.2
70,-50,398.4
70,-45,2314
70,-40,2923
70,-35,2906
70,-30,1976.8
70,-25,1661.5
70,-20,-279.6
70,-15,-1156.5
70,-10,-1949.8
70,-5,-2966.4
70,0,-3229.9
70,5,-3214.9
70,10,-2869
70,15,-2398.6
70,20,-36.1
70,25,100
70,30,-216.5
70,35,-232.7
70,40,-158.1
70,45,-97.2
70,50,-66.6
70,55,-58.4
70,60,66.7
70,65,-46.9
70,70,43.1
70,75,40.3
70,80,29.3
70,85,39.8
70,90,506.8
70,95,657
70,100,486
70,105,419.3
70,110,593.3
70,115,138.8
70,120,281.2
70,125,22.5
70,130,578.5
70,135,275.1
70,140,596.4
70,145,70
70,150,180.6
70,155,6.7
70,160,-3
70,165,-24.2
70,170,-15.2
70,175,-21.6
75,-175,-272.5
75,-170,-261.5
75,-165,-533.9
75,-160,-1961.2
75,-155,-3849.8
75,-150,-3870.7
75,-145,-3780.8
75,-140,-3631.1
75,-135,-3374.1
75,-130,-933.8
75,-125,-471.4
75,-120,-420.9
75,-115,91.1
75,-110,123.7
75,-105,-126.6
75,-100,2.8
75,-95,92.9
75,-90,284
75,-85,718
75,-80,1
75,-75,-561
75,-70,-846.1
75,-65,-332.2
75,-60,-477
75,-55,1283.3
75,-50,2366.7
75,-45,2819
75,-40,2888.3
75,-35,2791
75,-30,2583.8
75,-25,1841.7
75,-20,25.7
75,-15,-127.9
75,-10,-3161.4
75,-5,-3557.9
75,0,-3702.4
75,5,-3108.5
75,10,-2538.2
75,15,-1118.8
75,20,-38.1
75,25,-183
75,30,-385.3
75,35,-191.4
75,40,-179.4
75,45,-282.3
75,50,-184.3
75,55,-174.6
75,60,152.2
75,65,-93.5
75,70,-36.4
75,75,-32.1
75,80,-40.1
75,85,-41.6
75,90,91.3
75,95,152.3
75,100,104.3
75,105,167.8
75,110,184.9
75,115,-32.3
75,120,-35.7
75,125,-34.3
75,130,-39.2
75,135,-28.3
75,140,9.1
75,145,-9.9
75,150,29.8
75,155,-19.6
75,160,-43
75,165,-59.1
75,170,-64.3
75,175,-135.6
80,-175,-2236.1
80,-170,-3285.6
80,-165,-3261.9
80,-160,-3251.8
80,-155,-3202.4
80,-150,-3821.2
80,-145,-3808.4
80,-140,-3775
80,-135,-3690.4
80,-130,-3420.9
80,-125,-2808.1
80,-120,-2344.5
80,-115,-1146.7
80,-110,-529.4
80,-105,-402.5
80,-100,1
80,-95,79.5
80,-90,511.6
80,-85,162.2
80,-80,1257
80,-75,1352.6
80,-70,-233.6
80,-65,201.1
80,-60,963.6
80,-55,1391
80,-50,1894
80,-45,2086
80,-40,2120
80,-35,1935
80,-30,1568
80,-25,707.1
80,-15,-111.9
80,-10,-113.9
80,-5,-1261.3
80,0,-2603.3
80,5,-1143.4
80,10,-479.9
80,15,-141.5
80,20,534.9
80,25,550.2
80,30,-274.7
80,35,-85.9
80,40,-322.1
80,45,-306.8
80,50,-0.1
80,55,-344
80,60,-86.9
80,65,-283.6
80,70,-535.8
80,75,-151.9
80,80,-56.1
80,85,-250.3
80,90,-183.4
80,95,81.6
80,100,-113
80,105,-319
80,110,-2492.1
80,115,-3201.3
80,120,-3234.1
80,125,-3406
80,130,-3522.7
80,135,-3326.6
80,140,-2151.1
80,145,-1185.7
80,150,-625.1
80,155,-1441.1
80,160,-2207
80,165,-2649.8
80,170,-2706.8
80,175,-2345.4
85,-175,-1758.4
85,-170,-1478.4
85,-165,-1862
85,-160,-2123.1
85,-155,-1922.8
85,-150,-2287.5
85,-145,-2101.4
85,-140,-2099.5
85,-135,-1923.9
85,-130,-2208.5
85,-125,-2004.7
85,-120,-1803.6
85,-115,-1465.6
85,-110,-1429.3
85,-105,-1397.4
85,-100,-2047.6
85,-95,-2032.7
85,-90,-1925.9
85,-85,-2097.9
85,-80,-1299.9
85,-75,-1097.2
85,-70,-513.4
85,-65,-514.8
85,-60,-619.7
85,-55,-1289.8
85,-50,-2796.5
85,-45,-2740.3
85,-40,-2388.9
85,-35,-1742.8
85,-30,-1399.8
85,-25,-1610.6
85,-20,-925.4
85,-15,-3666.4
85,-10,-3661.7
85,-5,-3948
85,0,-4116.4
85,5,-3519.1
85,10,-3801.2
85,15,-3242.7
85,20,-4268
85,25,-3537.1
85,30,-3699.6
85,35,-3874.6
85,40,-3899.2
85,45,-3902
85,50,-3887.2
85,55,-3847.8
85,60,-3820.1
85,65,-3804.4
85,70,-3755.7
85,75,-3710.2
85,80,-3709.5
85,85,-3684.7
85,90,-3627.5
85,95,-3944
85,100,-4114.5
85,105,-3764.8
85,110,-3977.4
85,115,-4342.1
85,120,-4294.1
85,125,-4276.4
85,130,-4237.8
85,135,-4179.3
85,140,-3703.6
85,145,-2576.3
85,150,-1417.7
85,155,-2408.8
85,160,-3600.5
85,165,-3458.8
85,170,-3215.6
85,175,-2814.9
